Matriz Transposta
1.00 4.00 7.00 10.00 13.00 16.00 19.00 22.00 25.00 28.00 
2.00 5.00 8.00 11.00 14.00 17.00 20.00 23.00 26.00 29.00 
3.00 6.00 9.00 12.00 15.00 18.00 21.00 24.00 27.00 30.00 
4.00 7.00 10.00 13.00 16.00 19.00 22.00 25.00 28.00 31.00 
5.00 8.00 11.00 14.00 17.00 20.00 23.00 26.00 29.00 32.00 
6.00 9.00 12.00 15.00 18.00 21.00 24.00 27.00 30.00 33.00 
7.00 10.00 13.00 16.00 19.00 22.00 25.00 28.00 31.00 34.00 
8.00 11.00 14.00 17.00 20.00 23.00 26.00 29.00 32.00 35.00 
9.00 12.00 15.00 18.00 21.00 24.00 27.00 30.00 33.00 36.00 
10.00 13.00 16.00 19.00 22.00 25.00 28.00 31.00 34.00 37.00 
