36.8
17.2
26.5
19.9
33.1
28.7
22.3
38.5
21.6
31.4
37.2
35.8
16.6
23.9
18.4
30.2
37.6
24.7
15.9
38.2
34.3
20.8
39.1
25.6
16.1
18.9
37.9
31.7
29.4
26.8
15.6
38.4
32.9
21.3
19.2
27.6
35.4
39.3
33.6
24.2
16.7
22.8
34.8
15.8
37.4
28.3
31.1
20.1
39.2
23.5
17.9
25.4
36.2
30.7
38.9
29.9
18.7
16.2
32.3
21.9
26.1
39.6
35.1
24.9
19.7
15.7
38.7
33.3
22.5
27.8
37.8
31.9
20.4
34.6
16.4
25.8
29.6
39.5
36.5
23.2
17.4
30.5
20.6
22.1
35.6
28.1
38.3
33.9
16.9
39.4
31.6
24.4
19.4
37.3
26.3
21.1
15.5
34.1
36.9
32.1
27.4
23.7
38.6
29.1
18.2
16.3
30.9
25.2
39.7
35.3
20.3
17.7
22.6
37.1
31.3
15.8
38.1
23.3
34.4
28.5
21.4